"C:\Users\PC1\Desktop\proga\Bezborodv Veniamin\venv\Scripts\python.exe" "C:\Users\PC1\Desktop\proga\Bezborodv Veniamin\3.5\353.py"
Динамика уровня зарплат по годам:
     Год  Средняя з\п
0   2003      41305.0
1   2004      42967.0
2   2005     375739.0
3   2006      41317.0
4   2007      44449.0
5   2008      48411.0
6   2009      44812.0
7   2010      44658.0
8   2011      46448.0
9   2012      47962.0
10  2013      53534.0
11  2014      49064.0
12  2015      51708.0
13  2016      60870.0
14  2017      59473.0
15  2018      64738.0
16  2019      69607.0
17  2020      71970.0
18  2021      82139.0
19  2022      94195.0

Динамика количества вакансий по годам:
    Year  Vac_count
0   2003       1983
1   2004       7833
2   2005      16022
3   2006      33321
4   2007      53562
5   2008      75070
6   2009      52889
7   2010      93494
8   2011     142458
9   2012     173897
10  2013     234019
11  2014     259571
12  2015     284763
13  2016     332460
14  2017     391464
15  2018     517670
16  2019     535956
17  2020     489472
18  2021     287915
19  2022      91142

Динамика уровня зарплат по годам для выбранной профессии:
     Год  Средняя з\п Аналитик
0   2003              39875.54
1   2004              39656.82
2   2005              47312.00
3   2006              46341.07
4   2007              55524.19
5   2008              60759.52
6   2009              57262.60
7   2010              55448.00
8   2011              64209.91
9   2012              64814.31
10  2013              65825.08
11  2014              67112.82
12  2015              66302.11
13  2016              67340.87
14  2017              71885.49
15  2018              76483.49
16  2019              87643.69
17  2020              94995.31
18  2021             108488.45
19  2022             118489.70

Динамика количества вакансий по годам для выбранной профессии:
     Год  Кол-во вакансий Аналитик
0   2003                        46
1   2004                       212
2   2005                       404
3   2006                       874
4   2007                      1456
5   2008                      1914
6   2009                      1049
7   2010                      2106
8   2011                      3400
9   2012                      3566
10  2013                      4220
11  2014                      5000
12  2015                      4837
13  2016                      7035
14  2017                      9357
15  2018                     12638
16  2019                     16372
17  2020                     17994
18  2021                     11340
19  2022                      4220

Уровень зарплат по городам (в порядке убывания):
             Город  Средняя з\п
0           Москва     83694.67
1             Киев     79883.00
2            Минск     74147.89
3  Санкт-Петербург     68747.28
4      Новосибирск     64793.23
5     Екатеринбург     59139.30
6        Краснодар     51583.61
7           Казань     51309.78
8  Нижний Новгород     49914.25
9           Самара     49548.37

Доля вакансий по городам (в порядке убывания):
             Город  Доля(%)
0           Москва       33
1  Санкт-Петербург       10
2            Минск        4
3             Киев        3
4      Новосибирск        2
5  Нижний Новгород        2
6     Екатеринбург        1
7           Алматы        1
8          Воронеж        1
9           Казань        1

Process finished with exit code 0
